1	549	36	9	2010	1	3	13	494	1348	1467	10000000
2	776	23	9	2010	10	14	21	491	135	137	1500000
3	246	37	9	2010	7	10	18	74	334	1910	30000000
4	438	37	9	2006	1	3	10	817	1763	1652	28000000
5	775	37	9	1998	7	6	10	1636	1539	1402	90000000
6	33	37	9	2008	7	10	18	1373	1510	1691	24000000
7	488	37	9	2003	3	10	18	98	385	1827	35000000
8	624	37	9	2007	1	8	21	1126	1992	1908	53000000
9	571	37	9	1993	1	6	10	1877	931	701	33000000
11	346	37	9	2010	7	18	18	862	61	1378	20000000
12	161	37	9	2003	10	 0	 0	482	1190	393	 0
13	590	37	9	2010	1	14	19	1382	57	1109	60000000
14	234	36	9	2007	7	 0	 0	1303	1524	1656	9000000
15	195	37	9	1971	1	8	21	384	93	715	4000000
16	618	37	9	2010	1	17	21	98	1181	328	110000000
17	408	36	9	2010	1	7	8	190	558	1657	8000000
18	750	37	9	2010	1	3	21	1803	251	1376	82000000
19	670	20	14	2005	7	10	18	1635	869	1440	35000000
20	681	13	9	2010	10	17	21	595	1542	1474	45000000
21	446	11	9	2009	10	14	 0	1958	316	1798	11000000
22	751	21	15	1991	18	 0	 0	379	739	1669	 0
23	410	37	9	2010	1	7	 0	1954	1122	1665	10000000
24	808	37	9	2006	1	3	10	1126	1003	788	160000000
25	632	37	9	1990	1	8	21	251	1969	133	70000000
26	199	36	9	2009	19	17	10	1679	1103	495	5000000
27	487	37	9	2004	7	18	 0	1020	1225	171	 0
28	222	37	9	1998	10	18	 0	1688	713	650	30000000
29	503	37	9	2003	1	7	8	1957	1277	994	130000000
30	165	37	9	1995	8	10	17	223	1404	699	30000000
31	810	37	9	2008	10	18	 0	861	1519	1699	15000000
32	225	37	9	2007	10	19	21	1957	59	314	150000000
33	400	37	9	2006	3	7	10	691	1878	9	8000000
34	786	37	9	1991	1	7	8	251	416	429	 0
35	714	32	26	1980	7	 0	 0	1513	511	161	 0
36	529	37	9	2007	14	21	 0	951	1684	1286	22200000
37	206	32	23	1998	7	15	18	152	1766	606	 0
38	65	36	9	2010	9	7	 0	1833	154	1738	 0
39	756	36	9	2009	3	12	17	719	368	1914	18000000
40	198	37	9	2005	1	3	7	223	98	1923	110000000
41	96	37	9	2010	1	4	8	246	1424	900	 0
42	354	37	9	2010	1	3	21	1180	224	1552	110000000
43	376	37	9	1994	1	7	8	526	1009	722	50000000
44	374	36	9	2001	1	10	21	902	607	854	 0
45	359	37	9	1993	8	10	21	1347	1624	155	25000000
46	292	37	9	1999	7	10	18	230	62	370	35000000
47	135	37	9	2010	1	17	19	1169	1088	997	160000000
48	634	13	10	2010	1	8	21	869	1041	1600	20000000
49	546	37	9	2010	7	18	 0	513	1037	311	32000000
50	424	26	21	1984	3	7	19	1468	162	1901	 0
51	313	37	9	2005	1	19	21	749	1416	1778	54000000
52	416	37	9	2005	1	3	19	1420	676	28	39000000
53	527	37	9	2010	7	10	18	1344	1545	870	18000000
54	560	11	9	2009	1	3	 0	1233	835	644	10000000
55	434	37	9	2009	7	 0	 0	863	1099	1785	 0
56	313	37	9	2009	1	8	10	1564	1414	170	40000000
57	588	37	9	1997	10	 0	 0	1267	257	1022	15000000
58	355	36	9	2010	10	14	21	175	121	558	150000000
59	450	13	10	2009	8	10	21	869	647	1905	 0
60	212	7	10	2004	8	10	 0	1370	867	362	 0
61	792	7	9	2009	10	19	21	20	1697	469	30000000
62	19	37	9	2010	1	3	10	476	645	1380	80000000
63	321	37	9	2007	9	15	 0	600	1815	969	 0
64	343	37	9	2001	7	8	18	1439	166	1924	13000000
65	556	37	9	2010	7	 0	 0	979	1658	542	40000000
66	666	37	9	2010	1	3	8	437	1795	1374	20000000
67	497	36	9	2010	1	8	21	6	366	1437	28000000
68	9	37	9	2010	1	7	8	1953	1267	589	100000000
69	280	37	9	2008	6	10	 0	1715	553	998	20000000
70	421	37	9	1996	6	10	 0	884	447	175	3300000
71	336	7	9	2002	7	18	10	541	626	1243	 0
72	718	37	9	1999	7	10	12	951	263	295	13000000
73	46	37	9	2005	7	18	 0	1957	589	1100	70000000
74	650	36	9	2005	1	3	13	1478	587	902	147000000
75	491	37	9	2000	8	10	21	349	1958	1584	7000000
76	139	37	9	2008	10	17	21	98	882	960	55000000
77	334	37	9	2009	9	7	 0	344	1572	1426	 0
78	814	37	9	2009	1	8	12	1241	195	1302	130000000
79	178	37	9	2010	10	12	18	1121	1629	1820	68000000
80	230	37	9	2006	7	10	12	16	1052	370	82500000
81	141	36	9	2006	6	10	13	115	1744	751	10000000
82	708	36	9	2007	6	10	13	290	657	385	55000000
83	650	37	9	2010	1	3	10	1659	290	1303	200000000
84	755	37	9	1998	1	10	22	926	1715	20	52000000
85	786	37	9	2001	1	8	21	1630	223	296	92000000
86	467	13	10	2010	1	3	12	1212	672	1540	25000000
87	616	37	9	2004	8	10	17	136	1684	90	50000000
88	168	37	9	2005	7	 0	 0	1383	1133	1861	 0
89	355	37	9	2004	1	3	10	1919	1476	1998	78000000
90	401	37	9	2002	17	21	 0	982	1790	1534	 0
91	53	37	9	2004	1	3	13	385	1076	769	90000000
92	798	37	9	2009	8	21	 0	1437	589	1906	25000000
93	15	37	9	2010	10	17	21	357	1180	1037	4500000
94	356	37	9	2009	10	6	15	833	1622	295	60000000
95	106	37	9	2009	10	13	21	1863	1091	190	90000000
96	658	7	9	2009	7	14	15	1240	762	60	 0
97	17	37	9	2003	10	8	21	1103	1058	1146	50000000
98	524	37	9	2004	10	18	12	925	1058	1113	20000000
99	396	37	9	2010	1	3	19	1622	699	497	190000000
100	559	36	9	1973	10	14	17	1025	503	737	1500000
101	27	37	9	2010	7	14	21	543	17	909	24000000
102	815	39	26	1986	10	 0	 0	1394	1387	1522	 0
103	154	31	25	2009	1	10	 0	1220	33	128	3500000
104	565	37	9	2010	1	3	19	20	1151	1887	40000000
105	665	37	9	1980	10	 0	 0	503	1290	1856	6000000
106	7	37	9	2005	10	17	 0	680	626	357	1600000
107	568	37	9	2005	7	12	18	1439	1953	1742	85000000
108	741	37	9	2008	1	3	21	710	1740	290	185000000
109	603	37	9	2009	7	8	 0	370	1404	1964	20000000
110	669	37	9	1992	7	12	 0	684	1331	251	55000000
111	780	18	9	2009	4	3	12	231	591	348	6500000
112	741	37	9	1984	1	3	 0	710	1054	985	28170000
113	102	37	9	2007	8	17	21	1098	470	421	20000000
114	397	37	9	2004	1	3	17	1437	716	978	100000000
115	550	37	9	2009	1	10	19	1731	849	450	30000000
116	142	37	9	2007	1	19	21	1794	1588	961	40000000
117	812	21	15	2008	10	15	 0	1293	1668	1893	 0
118	469	37	9	1990	10	18	 0	1800	828	845	 0
119	589	23	8	2007	10	21	22	271	1720	1836	21000000
120	360	37	9	1983	1	8	21	1649	1240	1944	 0
121	472	21	15	2008	4	1	19	1507	69	1142	 0
122	705	37	9	2009	4	3	12	541	948	891	30000000
123	782	37	9	2007	8	10	21	660	1874	1848	25000000
124	274	37	9	2007	7	 0	 0	979	1344	366	20000000
125	104	37	9	2000	7	10	15	699	745	1503	16000000
126	97	28	24	2003	10	7	 0	228	1813	764	 0
127	325	31	25	2009	14	21	 0	1244	987	1480	 0
128	806	15	4	2009	1	6	10	507	1753	1231	11700000
129	503	37	9	1998	1	3	19	251	165	193	140000000
130	181	36	9	2009	1	3	12	426	1657	568	250000000
131	297	9	5	2006	9	 0	 0	 0	 0	 0	100000
132	145	37	9	1994	1	3	8	1331	1097	456	45000000
133	646	36	9	1990	14	19	 0	519	1768	762	1500000
134	567	37	9	2010	10	7	 0	172	694	1596	5372848
135	624	37	9	2009	10	21	22	223	358	1348	70000000
136	200	21	9	2010	1	3	10	973	1086	287	35000000
137	749	37	9	2010	1	3	8	881	1994	335	25000000
138	490	37	9	2010	10	17	21	1169	169	1265	80000000
139	139	37	9	1985	1	23	 0	384	1357	284	6900000
140	726	37	9	2004	4	3	7	1871	188	508	30000000
141	287	37	9	2009	4	3	12	414	1826	897	60000000
142	248	37	9	2009	1	12	19	747	1181	435	150000000
143	551	4	3	2006	7	 0	 0	142	38	708	 0
144	130	37	9	2009	14	17	21	1592	937	755	27000000
145	370	11	7	1970	7	 0	 0	1466	146	117	 0
146	348	37	9	2010	1	10	23	998	960	1319	47000000
147	111	22	25	2008	7	10	20	639	490	695	 0
148	363	37	9	1988	1	14	19	1638	1078	1317	3000000
149	650	37	9	1982	10	19	21	710	1660	1716	28000000
150	106	37	9	2000	1	19	21	1495	747	704	75000000
151	106	37	9	2003	1	19	21	1495	747	753	110000000
152	99	37	9	2006	1	19	21	747	704	753	210000000
153	535	37	9	2006	3	7	12	1227	1314	462	3000000
154	614	37	9	2005	7	10	 0	80	552	41	1000000
155	278	37	9	2007	3	7	10	817	1745	448	6000000
156	521	37	9	2008	7	10	18	1696	1108	1123	65000000
157	521	37	9	2010	7	10	18	1696	1108	1123	100000000
158	169	37	9	2008	7	12	18	1611	1822	691	20000000
159	138	37	9	2008	7	10	 0	1679	105	1084	3400000
160	680	37	9	2004	1	3	21	475	807	571	125000000
161	262	13	10	1902	3	12	19	665	1917	204	10000
162	763	36	9	2005	4	12	18	969	728	561	40000000
163	625	39	23	2001	7	 0	 0	221	1722	1449	 0
164	810	37	9	2009	7	18	 0	1139	592	732	15000000
165	393	8	17	2008	1	3	10	1884	1808	1988	80000000
166	126	37	9	2010	4	3	7	862	667	366	165000000
167	208	37	9	2004	10	17	19	139	82	1330	13000000
168	694	37	9	2010	7	18	 0	1548	395	1320	 0
169	742	37	9	2009	14	21	 0	237	1156	1653	12500000
170	51	37	9	2009	7	10	18	1688	1667	1288	40000000
171	207	19	2	2008	10	 0	 0	735	58	1641	 0
172	763	37	9	2010	3	11	12	1335	969	728	170000000
173	687	25	19	2009	7	10	 0	83	353	1132	 0
174	786	37	9	2009	1	8	21	476	965	1219	100000000
175	649	37	9	2009	7	12	18	1611	893	979	18500000
176	544	37	9	2008	7	14	21	911	702	954	2000000
177	796	37	9	1979	1	3	21	1340	826	467	 0
178	453	37	9	2010	4	3	7	1866	1849	932	200000000
179	48	37	9	2003	1	19	 0	574	891	1675	137000000
180	762	37	9	2009	7	8	10	531	1602	1800	9000000
181	442	9	5	1970	7	10	16	621	1397	1589	 0
182	71	37	9	2001	7	 0	 0	172	1483	1953	28000000
183	 0	36	9	2009	8	17	 0	457	534	155	 0
184	538	37	9	2010	1	3	12	807	169	649	170000000
185	219	20	14	2001	10	18	 0	1251	1770	1723	 0
186	799	37	9	2007	3	7	10	1483	20	856	17500000
187	628	9	5	2010	7	10	 0	1379	213	1125	 0
188	459	37	9	2002	10	15	 0	610	349	1052	 0
189	590	37	9	2004	1	19	21	1685	1137	1567	60000000
190	728	37	9	1998	1	3	12	1947	1774	1119	45000000
191	279	37	9	2002	1	3	12	1947	1119	1640	54000000
192	176	37	9	2004	1	3	12	1947	917	1667	65000000
193	114	37	9	2008	10	12	18	1121	1629	194	37000000
194	129	37	9	2009	10	12	18	1121	1629	1820	50000000
195	763	37	9	1990	10	12	18	969	1972	486	20000000
196	112	37	9	2009	4	1	3	1576	1548	472	90000000
197	378	37	9	2009	6	10	20	1688	1551	1852	29000000
198	663	37	9	2010	1	7	18	1060	139	1872	75000000
199	691	37	9	2010	10	18	 0	1019	195	817	60000000
200	217	14	11	2010	10	 0	 0	1743	1454	478	 0
201	184	37	9	2010	10	17	21	895	953	1150	2000000
202	587	37	9	2010	10	21	 0	20	607	1234	21800000
203	323	37	9	2007	7	10	 0	549	1344	893	6500000
204	12	4	3	1997	10	22	 0	1408	66	67	 0
205	286	37	9	2006	1	3	22	1260	1832	879	 0
206	62	36	9	2010	10	17	8	457	1278	1112	 0
207	526	37	9	1992	18	10	21	1098	1949	643	25000000
208	113	37	9	2006	7	18	 0	1042	1225	382	 0
209	196	37	9	2000	1	7	8	1688	1343	176	45000000
210	558	36	9	2005	4	3	7	1531	1565	728	30000000
211	615	37	9	2009	7	 0	 0	1688	224	1838	15000000
212	307	37	9	2009	1	3	12	1680	1994	1776	240000000
213	73	13	10	2010	7	10	 0	668	1978	776	2000000
214	493	37	9	2003	14	21	17	704	1622	309	40000000
215	98	37	9	2010	1	14	17	1857	1562	939	20000000
216	158	37	9	2003	7	 0	 0	172	513	535	40000000
217	763	36	9	2007	10	16	21	969	728	27	50000000
218	270	37	9	2003	1	3	12	969	1478	1076	140000000
219	270	37	9	2006	1	3	12	969	1478	1076	225000000
220	23	37	9	2004	1	17	19	1957	239	246	120000000
221	160	7	9	2005	14	17	21	506	627	682	4000000
222	27	37	9	2006	14	21	 0	7	1061	1930	15000000
223	270	37	9	2007	1	3	12	969	1478	1076	300000000
224	740	31	25	2008	6	10	13	175	626	289	58000000
225	99	37	9	2000	7	10	18	1437	1822	497	60000000
226	606	37	9	2002	1	3	12	541	1919	756	94000000
227	160	7	9	2006	8	14	21	1859	1736	100	10000000
228	542	37	9	2009	8	21	 0	127	1404	1562	25000000
229	253	37	9	2002	6	7	8	1679	513	660	30000000
230	606	37	9	2003	1	3	12	541	1919	753	94000000
231	593	31	25	2009	10	18	21	1519	203	1199	18000000
232	160	7	9	2007	8	14	21	1859	400	1704	10000000
233	347	37	9	2009	8	10	17	771	189	1848	 0
234	524	13	9	2006	7	10	12	639	316	25	6000000
235	506	37	9	2001	10	17	18	127	98	1840	26000000
236	569	37	9	2000	6	10	20	476	1916	1928	50000000
237	804	7	9	2010	1	7	23	1504	1744	517	10000000
238	284	6	22	2003	10	8	 0	1221	1386	782	 0
239	172	13	10	2009	10	14	19	730	613	488	 0
240	227	13	10	2007	14	17	19	386	1921	1996	 0
241	135	37	9	2006	10	12	17	747	349	1343	40000000
242	242	37	9	2003	10	21	 0	951	651	516	60000000
243	167	7	9	2008	8	14	21	1859	400	1704	10800000
244	47	37	9	1999	1	3	19	1073	1151	285	63000000
245	47	37	9	2003	1	3	19	1073	1151	285	130000000
246	47	37	9	2003	1	3	19	1073	1151	285	110000000
247	53	37	9	2009	1	8	10	1604	497	583	17000000
248	224	37	9	1972	8	10	21	1272	24	811	6500000
249	224	37	9	1974	8	10	21	24	1624	482	13000000
250	224	37	9	1990	8	10	21	24	90	482	54000000
251	630	36	9	1998	1	3	10	1169	902	960	35000000
252	761	37	9	2010	7	8	 0	1849	1746	1575	 0
253	267	37	9	2010	7	10	18	925	595	1173	15000000
254	109	36	9	2008	7	18	 0	721	1334	1864	10000000
255	517	15	4	1991	3	7	10	1154	1094	1590	 0
1886	589	37	9	1992	8	10	17	1347	1733	661	 0
1889	624	37	9	1992	8	10	21	716	1854	1355	 0
1890	205	37	9	1987	18	10	15	894	1496	910	 0
1905	500	37	9	1971	11	16	12	653	789	1530	 0
1938	439	37	9	1995	7	 0	 0	1729	904	851	6000000
1953	445	37	9	1995	10	8	 0	1167	1694	1038	1500000
1972	383	37	9	1995	1	8	21	251	902	1684	 0
1974	666	37	9	1995	1	8	21	127	1674	935	7000000
1983	383	37	9	1988	1	8	21	251	1587	216	 0
2009	668	37	9	1964	7	10	11	1023	487	459	 0
2011	305	36	9	1984	1	12	10	1362	848	1434	 0
2015	809	37	9	1963	4	11	12	1718	1049	1610	 0
2021	140	37	9	1950	11	4	16	765	537	1913	 0
2036	539	37	9	1996	7	10	15	1636	651	1421	 0
2074	810	37	9	1993	7	17	8	1974	482	908	 0
2086	368	37	9	1996	1	8	10	1795	1074	206	45000000
2116	 0	37	9	1993	1	3	12	 0	 0	 0	 0
2120	402	37	9	1996	3	1	19	1495	983	233	 0
2141	490	37	9	1976	10	21	8	1620	410	1523	 0
2143	499	37	9	1995	1	6	10	1323	827	1712	53000000
2205	165	37	9	1992	1	14	19	1746	309	305	 0
2234	632	20	9	1993	1	3	21	1803	957	1365	65000000
2240	100	37	9	1993	8	10	21	24	1715	1518	 0
2248	657	37	9	1989	7	10	18	196	1318	282	 0
2251	259	37	9	1969	3	6	8	1508	1630	1059	 0
2271	245	37	9	1996	4	10	11	1870	470	1882	70000000
2281	157	36	9	1996	8	10	 0	595	596	989	3500000
2343	723	36	9	1964	7	21	 0	1533	 0	 0	 0
2347	279	37	9	1997	14	19	21	1395	905	48	 0
2360	648	37	9	1996	7	1	 0	1174	1441	306	 0
2427	393	37	9	1996	1	3	21	965	352	1682	 0
2450	741	37	9	1989	1	3	 0	710	1710	471	 0
2460	40	37	9	1995	1	7	10	1961	375	1793	 0
2461	666	37	9	1996	7	14	1	716	660	1549	18000000
2464	805	37	9	1959	1	3	10	317	791	717	 0
2465	331	37	9	1980	10	18	12	369	838	368	 0
2489	235	37	9	1970	6	10	22	658	1048	1779	 0
2490	395	37	9	1991	10	7	 0	1065	1289	1292	 0
2491	669	37	9	1985	3	7	19	1351	364	1155	 0
2509	106	37	9	1995	8	17	21	1772	635	174	6000000
2523	533	37	9	1995	4	10	11	770	1013	1323	55000000
2526	352	37	9	1995	10	18	 0	1972	111	547	 0
2540	307	37	9	1994	1	3	7	131	834	1862	 0
2546	373	37	9	1948	3	10	23	750	1942	1850	 0
2592	 0	37	9	1994	3	4	11	1626	902	814	 0
2611	808	38	11	1981	10	22	 0	1034	734	1116	 0
2619	733	37	9	1995	1	3	7	925	754	1750	 0
2623	48	37	9	1995	10	7	18	815	1874	709	 0
2628	669	37	9	1994	7	10	 0	1866	1637	646	 0
2646	541	37	9	1984	6	10	15	597	1870	545	 0
2651	669	37	9	1997	10	19	17	887	454	938	 0
2660	810	37	9	1994	7	18	8	951	486	898	 0
2661	681	13	9	1992	10	 0	 0	746	1124	570	 0
2668	395	37	9	1994	3	10	22	541	1098	1250	 0
2677	650	36	9	1979	19	14	21	1873	1746	1915	11000000
2679	490	37	9	1990	6	8	10	1620	1575	940	 0
2683	807	38	11	1987	12	10	18	253	1760	1482	 0
2690	447	37	9	1993	7	10	18	969	1169	1032	 0
2713	723	36	9	1971	8	10	19	1240	1493	1339	 0
2716	 0	7	 0	1997	 0	 0	 0	1817	 0	 0	 0
2717	170	36	9	1962	3	6	10	1529	36	124	 0
2725	307	37	9	1986	1	14	19	1746	283	1341	 0
2755	713	37	9	1997	1	21	 0	1437	951	1402	 0
2759	231	37	9	1994	10	 0	 0	1853	1404	206	 0
2770	678	13	9	1968	3	19	12	837	962	104	 0
2835	100	37	9	1996	1	3	21	1863	978	569	 0
2836	203	37	9	1996	1	10	22	476	1318	1205	 0
2902	757	36	9	1995	10	 0	 0	751	958	816	 0
2903	809	37	9	1970	4	7	11	1537	586	1197	4000000
2909	228	13	9	1996	10	18	 0	109	1428	1435	 0
2978	791	37	9	1939	10	18	22	378	1937	1172	 0
2986	507	37	9	1942	10	18	 0	750	767	1505	 0
2994	30	37	9	1954	17	21	 0	829	690	1946	1000000
2996	82	37	9	1961	10	18	 0	143	663	1490	 0
3000	741	37	9	1981	1	3	18	710	1046	1502	 0
3005	541	37	9	1975	10	 0	 0	794	1213	1968	 0
3025	602	13	9	1989	7	10	14	1601	1349	727	 0
3029	54	36	9	1994	10	 0	 0	1193	1874	1619	 0
3030	48	34	17	1992	7	10	 0	197	1918	1175	 0
3032	624	37	9	1994	8	10	 0	1854	73	965	8500000
3098	255	37	9	1977	1	3	12	1263	710	282	 0
3116	439	37	9	1997	7	18	10	584	165	1703	 0
3124	548	37	9	1994	10	14	12	1863	223	1113	 0
3177	617	37	9	1995	3	11	 0	1390	245	912	 0
3187	245	37	9	1991	4	11	12	1617	913	1594	 0
3188	48	34	17	1994	7	18	10	1747	1980	326	 0
3191	401	37	9	1991	8	21	 0	938	121	1702	 0
3204	538	37	9	1997	8	10	21	24	969	1355	 0
3211	786	37	9	1986	1	10	18	1863	1085	1906	 0
3219	307	13	9	1991	1	19	21	131	1191	530	 0
3222	66	37	9	1994	10	21	 0	1347	470	503	 0
3224	339	37	9	1995	7	10	18	1272	969	601	 0
3242	431	37	9	1997	7	18	 0	608	1855	754	 0
3252	256	37	9	1994	3	10	11	1077	318	1004	 0
3304	457	36	9	1997	7	10	21	815	1801	68	 0
3312	725	3	9	1993	1	3	7	313	1106	341	 0
3313	287	37	9	1993	4	11	12	433	346	297	18000000
3320	59	37	9	1996	10	 0	 0	579	1444	1211	 0
3347	722	37	9	1952	7	16	18	652	502	464	 0
3376	741	37	9	1993	6	10	13	1180	169	1565	 0
3443	363	37	9	1996	1	3	19	1126	3	1781	 0
3455	158	37	9	1996	3	7	10	1245	432	1595	 0
3501	377	37	9	1995	4	3	7	1866	1849	498	 0
3504	367	37	9	1998	1	8	21	1620	869	1419	55000000
3505	644	37	9	2007	10	19	 0	452	947	1886	200000
3506	734	37	9	2010	7	19	 0	951	1616	402	36000000
3507	763	37	9	1999	12	17	21	969	357	1396	70000000
3508	94	37	9	2004	3	7	11	925	559	1178	140000000
3509	252	7	9	2005	14	19	 0	1749	956	474	15000000
3510	165	37	9	2010	6	10	13	914	89	1040	50000000
3511	681	13	9	2002	6	10	22	20	1841	622	35000000
3512	665	37	9	2007	10	22	 0	1630	1331	1863	35000000
3513	144	7	9	2007	7	18	 0	580	1509	269	 0
3514	808	37	9	2004	1	18	 0	223	574	1478	175000000
3515	765	37	9	2005	1	3	12	769	916	1345	100000000
3516	765	37	9	2007	1	3	12	769	916	1345	130000000
3517	433	7	9	2009	14	17	21	1859	400	183	11000000
3518	56	36	9	2009	7	 0	 0	1869	818	1389	700000
3519	563	27	23	2010	10	18	 0	1270	1769	515	 0
3520	660	37	9	1967	1	10	22	1159	304	503	 0
3521	696	36	9	2009	1	21	 0	1619	1081	1931	6000000
3522	408	37	9	2000	3	7	8	251	1306	72	24000000
3523	366	37	9	2010	14	17	21	340	214	215	10000000
3524	510	3	9	1999	9	 0	 0	 0	 0	 0	 0
3525	787	37	9	1999	4	7	16	1891	1300	1285	21000000
3526	345	37	9	1984	1	7	18	1906	1215	1476	 0
3527	680	37	9	2009	1	3	10	951	328	72	200000000
3528	314	2	9	2004	8	14	17	1161	286	434	1000000
3529	225	37	9	2005	10	12	14	1073	1560	1740	100000000
3530	118	37	9	1999	4	3	10	1881	1392	681	150000000
3531	814	37	9	2007	1	12	22	667	1164	461	70000000
3532	793	28	24	2008	 0	 0	 0	1719	768	1939	 0
3533	456	37	9	2006	3	7	15	790	1128	787	20000000
3534	322	7	9	2008	7	22	 0	1713	279	489	30000000
3535	145	37	9	1997	8	10	17	1103	1659	698	35000000
3536	429	37	9	2000	7	 0	 0	106	1585	1735	19000000
3537	429	37	9	2001	7	 0	 0	1735	1273	106	45000000
3538	182	37	9	2003	7	 0	 0	106	1752	1585	48000000
3539	182	37	9	2006	7	 0	 0	106	1585	401	45000000
3540	522	2	9	2009	1	14	21	583	1958	380	20000000
3541	429	37	9	2004	8	7	 0	1735	1273	258	37000000
3542	155	37	9	1999	14	17	 0	720	1005	1342	22000
3543	471	37	9	2010	1	3	11	1456	1436	799	150000000
3544	93	37	9	2010	1	7	11	184	821	355	85000000
3545	201	37	9	2010	1	3	7	1344	1284	550	90000000
3546	52	37	9	2003	10	18	22	1008	1439	1593	79000000
3547	41	37	9	2003	4	3	7	30	548	49	94000000
3548	128	37	9	2002	4	3	7	1576	956	472	59000000
3549	112	37	9	2006	4	1	3	1576	956	472	80000000
3550	747	36	9	2005	10	17	21	1439	1715	295	80000000
3551	57	9	5	2008	10	 0	 0	40	1408	200	 0
3552	209	37	9	2005	4	3	7	172	344	455	78000000
3553	156	9	5	2010	7	10	 0	1561	1118	211	 0
3554	772	37	9	2009	10	 0	 0	391	1022	1302	7000000
3555	209	37	9	2008	4	1	3	172	344	455	150000000
3556	37	37	9	2001	4	3	7	1377	526	263	60000000
3557	620	20	14	2009	10	 0	 0	265	670	679	 0
3558	700	35	28	2010	10	 0	 0	219	572	1895	2000000
3559	37	37	9	2004	4	3	7	1377	526	263	150000000
3560	122	37	9	2007	4	3	7	1377	526	263	160000000
3561	55	31	25	2010	10	 0	 0	1200	1484	772	 0
3562	794	37	9	1998	8	10	17	1975	543	674	 0
3563	139	37	9	1997	8	10	17	1103	951	796	30000000
3564	710	36	9	1974	8	17	21	32	1148	1710	 0
3565	330	13	10	2009	7	8	 0	438	496	86	42000000
3566	693	19	12	2009	10	22	 0	1481	780	138	 0
3567	754	36	9	2000	7	 0	 0	1878	424	1069	 0
3568	607	37	9	2007	9	 0	 0	 0	 0	 0	 0
3569	158	37	9	1989	7	21	 0	1347	1062	432	50000000
3570	130	14	9	2009	1	19	21	475	168	261	33000000
3571	701	20	14	1972	7	23	 0	615	1875	795	 0
3572	703	20	14	1968	3	7	23	1875	501	955	 0
3573	318	28	24	2010	9	 0	 0	 0	 0	 0	 0
3574	3	37	9	2010	10	 0	 0	406	1892	1571	 0
3575	5	13	10	2010	10	 0	 0	1031	1970	871	10000000
3576	21	27	23	2009	4	 0	 0	1686	763	1767	 0
3577	80	37	9	2003	10	15	18	916	1182	1321	25000000
3578	767	20	14	2009	10	 0	 0	1498	1943	140	 0
3579	667	37	9	2010	1	7	8	251	1404	960	58000000
3580	377	37	9	1998	4	3	7	445	1103	1016	60000000
3581	813	37	9	2004	7	10	18	1985	1416	1532	2500000
3582	264	37	9	1994	10	7	 0	1786	635	1146	 0
3583	308	37	9	2002	8	10	 0	844	807	1721	14000000
3584	139	37	15	2006	10	13	22	1088	1072	1894	19000000
3585	596	37	9	2008	1	8	12	1957	315	846	150000000
3586	444	37	9	2002	1	10	19	349	1818	561	20000000
3587	269	9	5	2009	8	10	22	786	1118	620	 0
3588	220	37	9	2005	1	8	10	251	1102	168	52000000
3589	255	37	9	1999	1	3	19	1180	595	1416	115000000
3590	255	37	9	2002	1	3	19	595	1416	718	120000000
3591	129	36	9	2002	7	10	18	746	1429	1878	25000000
3592	639	37	9	2001	10	17	19	807	887	1287	4500000
3593	140	37	9	1955	4	11	15	1516	156	1140	4000000
3594	377	37	9	2006	4	3	7	1483	1508	217	120000000
3595	186	37	9	2010	7	 0	 0	16	1100	344	80000000
3596	215	37	9	1998	1	8	10	1684	1103	454	50000000
3597	699	37	9	1980	14	17	21	182	1097	21	550000
3598	537	37	9	2010	4	3	7	1377	526	263	150000000
3599	181	36	9	2010	1	3	12	426	1657	568	200000000
3600	8	37	9	2010	10	21	 0	564	1104	1043	 0
3601	32	37	9	2010	10	18	 0	1629	555	333	16000000
3602	126	37	9	2002	4	3	11	446	345	1845	80000000
3603	595	37	9	2001	4	3	7	952	196	1781	115000000
3604	91	37	9	2004	4	1	3	404	741	1698	92000000
3605	682	37	9	1989	4	11	12	1591	360	361	40000000
3606	497	36	9	2007	3	11	12	310	376	1373	88500000
3607	455	37	9	1999	1	7	8	1277	1227	444	65000000
3608	341	37	9	2001	7	 0	 0	1332	1583	1461	20000000
3609	164	37	9	2005	7	18	 0	1483	1923	1559	40000000
3610	621	37	9	2010	4	7	11	1782	857	1658	69000000
3611	800	37	9	2010	7	18	 0	566	1520	71	8000000
3612	377	37	9	1999	4	3	7	1866	1849	932	90000000
3613	216	14	11	2009	7	 0	 0	12	199	1405	5000000
3614	310	37	9	2002	14	19	 0	1177	1195	371	14000000
3615	807	14	9	1999	9	15	 0	 0	 0	 0	 0
3616	682	37	9	2009	4	11	12	102	252	1078	105000000
3617	763	37	9	2005	3	7	11	629	969	451	150000000
3618	148	9	5	2005	10	 0	 0	1118	784	783	 0
3619	386	37	9	2008	10	17	 0	1331	1539	80	20000000
3620	740	37	9	2001	1	8	 0	660	223	1297	85000000
3621	583	37	9	2010	1	10	21	1297	691	231	100000000
3622	436	37	9	2009	8	10	17	1659	165	1559	60000000
3623	431	37	9	2009	7	10	18	677	889	891	40000000
3624	295	9	5	2010	1	21	 0	1920	705	1198	 0
3625	369	37	9	2004	7	18	 0	172	889	1539	42000000
3626	101	37	9	2010	19	21	 0	573	1706	500	15000000
3627	123	36	9	2010	7	10	 0	1614	132	1445	 0
3628	577	30	16	2009	10	14	 0	1761	1111	1741	5000000
3629	799	37	9	2009	4	3	7	660	1331	856	40000000
3630	70	37	9	2010	8	10	21	165	975	1580	37000000
3631	242	37	9	2008	6	10	20	1615	309	475	40000000
3632	329	36	9	2009	6	10	13	558	1655	1396	35000000
3633	622	13	9	2010	1	8	21	965	988	1329	52000000
3634	415	37	9	2008	1	7	21	951	736	1258	10000000
3635	595	37	9	2009	4	3	7	528	368	992	175000000
3636	245	37	9	2001	4	3	11	1351	405	819	120000000
3637	721	27	23	2010	2	10	14	1767	1722	885	 0
3638	83	37	9	2009	7	14	 0	1784	492	1089	 0
3639	631	37	9	2009	7	10	 0	90	1021	1796	6000000
3640	769	37	9	2003	7	 0	 0	1227	1953	1923	24000000
3641	183	37	9	2008	7	 0	 0	512	88	1666	7000000
3642	561	33	27	2009	8	10	17	1359	1458	1163	 0
3643	151	33	27	2009	8	17	21	1359	1458	1163	5000000
3644	151	33	27	2009	8	10	21	1359	1458	1163	5000000
3645	594	22	25	2010	10	11	 0	995	1417	1425	 0
3646	740	37	9	2004	8	21	 0	660	223	1297	110000000
3647	553	37	9	2009	7	18	 0	1427	950	1775	3000000
3649	769	37	9	2009	7	8	 0	224	522	1986	35000000
3650	140	37	9	1959	4	11	12	1283	192	537	6000000
3651	11	7	9	2008	3	19	21	671	774	1007	 0
3652	20	31	9	2009	3	10	13	1560	1309	1479	75000000
3653	781	37	9	1998	4	3	10	1391	526	151	70000000
3654	746	7	9	2001	7	10	17	1965	1399	91	5000000
3655	198	37	9	2008	1	3	19	718	832	1684	85000000
3656	459	37	9	2010	7	10	 0	116	1022	1265	4000000
3657	489	37	9	2008	7	10	 0	1208	1997	887	 0
3658	636	37	9	1985	3	7	11	1707	998	878	19000000
3659	132	37	9	2008	7	10	 0	80	558	858	5000000
3660	77	36	9	2008	7	18	 0	610	80	373	 0
3661	474	21	15	1995	4	1	19	141	23	761	10000000
3662	272	37	9	2009	7	22	 0	660	595	877	24000000
3663	215	37	9	2009	8	10	21	833	667	247	53000000
3664	686	37	9	2009	3	7	14	914	1975	566	23600000
3665	788	37	9	2009	1	8	10	1714	1460	383	8000000
3666	740	37	9	2009	7	10	21	1297	1701	944	22000000
3667	409	37	9	2009	1	19	21	251	1562	1644	80000000
3668	591	37	9	2009	1	3	12	948	1088	1002	40000000
3669	566	37	9	2009	1	8	21	1298	869	1151	20000000
3670	737	37	9	1982	1	3	19	877	244	460	17000000
3671	95	37	9	2009	10	18	 0	5	889	609	18000000
3672	91	37	9	2007	4	7	10	1499	1207	752	150000000
3673	140	37	9	1953	4	3	11	210	1063	707	4000000
3674	311	37	9	1997	7	10	18	794	726	691	50000000
3675	193	27	23	2010	7	10	13	1561	1408	1269	 0
3676	320	37	9	2009	7	 0	 0	1337	886	1679	10000000
3677	312	37	9	2010	1	3	7	1863	263	1532	117000000
3678	769	37	9	2010	7	 0	 0	1622	1986	1372	65000000
3679	554	37	9	1983	10	19	 0	855	929	1783	 0
3680	58	37	9	1984	7	 0	 0	1786	1011	307	 0
3681	641	37	9	1980	1	3	18	651	369	1823	54000000
3682	598	37	9	2001	7	18	12	951	1052	239	28000000
3683	396	37	9	2003	7	11	12	1953	208	520	33000000
3684	389	36	9	2010	8	10	17	1017	758	1147	 0
3685	44	37	9	2010	8	10	17	1017	1430	1229	 0
3686	296	37	9	1990	1	7	8	131	1518	1485	15000000
3687	397	37	9	2010	1	3	12	1437	862	56	150000000
3688	254	37	9	1994	3	7	8	1437	977	420	 0
3689	683	37	9	2009	17	21	 0	1866	595	147	150000000
3690	697	37	9	2010	1	12	21	1500	1214	1900	26000000
3691	465	37	9	2010	1	3	12	1680	649	1233	125000000
3692	683	37	9	2006	17	21	 0	1866	144	753	125000000
3693	412	37	9	2010	7	10	18	889	846	1497	19000000
3694	311	37	9	1987	7	10	18	1965	30	741	20000000
3695	439	37	9	2010	1	7	8	251	1889	1006	37000000
3696	 0	37	9	2010	9	5	20	 0	 0	 0	 0
3697	163	37	9	2005	1	8	10	1919	1252	521	32000000
3698	100	37	9	1983	8	10	21	24	1792	1373	25000000
3699	119	37	9	2001	3	11	12	426	1657	568	125000000
3700	502	37	9	2010	3	11	12	666	1757	1956	140000000
3701	119	37	9	2002	3	11	12	426	1657	568	100000000
3702	276	37	9	2010	10	21	 0	1684	1367	285	15000000
3703	323	37	9	2005	7	10	 0	5	262	1067	6500000
3704	483	36	9	2010	10	19	21	270	1076	89	15000000
3705	42	37	9	2003	1	8	10	923	413	638	25000000
3706	320	37	9	2004	7	10	18	976	974	533	400000
3707	171	37	9	1999	3	6	10	1603	1756	714	10000000
3708	139	37	9	2008	10	 0	 0	384	359	164	33000000
3709	157	36	9	2004	7	8	10	50	1176	824	 0
3710	251	37	9	2010	10	21	 0	1678	1376	859	 0
3711	473	37	9	2002	1	7	 0	524	337	444	25000000
3712	783	37	9	2010	6	10	21	738	1679	1392	12500000
3713	357	37	9	2010	3	10	23	877	1297	998	38000000
3714	362	37	9	2010	10	 0	 0	1439	5	486	5000000
3715	433	7	9	2010	8	14	17	1859	400	183	18000000
3716	672	31	9	2010	10	17	21	1667	996	1628	3000000
3717	218	6	22	2002	8	10	 0	52	59	1157	3300000
3718	592	6	22	2007	8	10	 0	509	441	984	 0
3719	652	7	9	2005	1	3	12	893	686	1114	43000000
3720	769	37	9	2006	7	18	 0	976	193	1346	35000000
3721	29	36	9	2004	3	11	12	426	1657	568	130000000
3722	538	36	9	2005	3	11	12	426	1657	568	150000000
3723	810	37	9	2010	7	18	 0	127	998	121	15000000
3724	799	37	9	2001	7	10	 0	651	105	699	28000000
3725	419	37	9	2005	7	18	 0	1782	295	1510	26000000
3726	159	37	9	2010	10	21	 0	1416	1924	1380	13000000
3727	247	13	9	2009	10	21	 0	1422	1515	412	15000000
3728	181	36	9	2007	3	11	12	426	1657	568	150000000
3729	145	37	9	2002	10	15	 0	562	876	1547	40000000
3730	476	7	9	2006	10	18	 0	27	1746	285	 0
3731	556	37	9	2008	7	10	18	857	1120	1380	30000000
3732	606	37	9	2005	3	10	18	1413	790	20	207000000
3733	716	37	9	2010	10	 0	 0	1774	546	1372	8000000
3734	744	2	9	2010	1	3	10	259	1558	1187	27000000
3735	774	37	9	2010	4	1	7	1953	1858	979	130000000
3736	127	37	9	2010	8	10	14	1327	964	327	15000000
3737	650	37	9	2000	1	3	10	1659	936	396	103000000
3738	513	14	9	2009	6	10	18	727	368	823	17000000
3739	9	37	9	2004	7	18	 0	1953	355	1510	26000000
3740	365	37	9	2010	10	21	 0	1620	531	1382	22000000
3741	344	37	9	2008	1	8	10	1097	1026	230	10000000
3742	428	37	9	2009	7	12	14	1319	74	13	16000000
3743	591	37	9	2010	7	 0	 0	1620	172	1483	100000000
3744	669	37	9	1989	3	7	11	1351	364	1837	40000000
3745	669	37	9	1990	3	7	11	1351	364	1837	40000000
3746	750	37	9	2008	1	21	22	1803	1024	1304	50000000
3747	139	37	9	2006	10	13	22	1665	912	11	90000000
3748	221	37	9	2010	1	10	21	969	98	1500	100000000
3749	764	37	9	2003	7	10	11	703	1624	1343	30000000
3750	157	37	9	2010	3	6	10	817	1057	77	18000000
3751	629	16	13	2009	7	10	18	4	1553	1732	7600000
3752	67	37	9	2006	3	7	11	1636	322	933	65000000
3753	586	37	9	2006	8	21	 0	1001	1404	1755	27000000
3754	552	37	9	2006	1	8	10	859	82	533	12000000
3755	717	37	9	2009	7	10	 0	1503	561	456	 0
3756	283	36	9	2000	8	21	 0	859	223	1932	10000000
3757	702	20	14	1996	3	23	 0	384	1160	539	1300000
3758	741	37	9	2002	6	8	10	1169	1866	370	52000000
3759	440	37	9	2009	10	 0	 0	1620	513	1052	21000000
3760	388	37	9	2005	1	8	10	1267	1900	85	30000000
3761	145	37	9	2005	7	10	18	263	1878	1742	35000000
3762	349	10	6	2008	7	10	18	1465	1015	781	 0
3763	645	37	9	2007	3	7	10	1604	1828	914	40000000
3764	413	37	9	2010	7	10	 0	1241	1057	1993	 0
3765	354	37	9	2007	1	8	10	165	846	906	17000000
3766	545	37	9	2006	7	10	18	263	1058	1008	85000000
3767	706	37	9	2005	1	7	8	1622	1906	1372	15000000
3768	449	13	10	2009	7	11	 0	1312	1907	1041	 0
3769	357	37	9	2008	7	8	10	660	610	960	37000000
3770	411	37	9	2010	1	3	19	877	640	244	170000000
3771	256	2	9	1981	1	3	19	1323	1363	250	4000000
3772	159	37	9	2006	10	18	19	747	1560	547	35000000
3773	516	37	9	1991	1	3	7	251	431	84	51000000
3774	163	7	9	1988	10	18	21	902	654	724	 0
3775	599	36	9	1969	1	7	8	1343	1457	177	 0
3776	189	37	9	2010	7	10	 0	470	449	76	10000000
3777	322	37	9	2010	7	 0	 0	888	1299	367	20000000
3778	540	27	23	2008	7	8	 0	1940	1810	1991	500000
3779	420	36	9	2010	7	 0	 0	232	1414	1080	 0
3780	528	28	24	2010	7	 0	 0	1035	1806	1033	 0
3781	657	37	9	2007	3	7	10	794	1404	1711	45000000
3782	628	9	5	2006	1	7	10	1879	1722	563	1500000
3783	283	36	9	2008	1	8	21	1860	1266	1874	18000000
3784	534	37	9	1999	8	10	 0	385	45	675	 0
3785	263	37	9	2005	1	3	12	1261	382	248	12000000
3786	188	37	9	2010	10	18	 0	1663	1375	598	1000000
3787	773	36	9	2010	10	13	 0	391	657	728	15000000
3788	463	37	9	2009	9	 0	 0	1608	773	1209	 0
3789	650	37	9	2003	7	8	10	1437	64	1679	 0
3790	337	37	9	2008	8	10	17	191	1018	1517	3500000
3791	477	36	9	2008	1	3	21	424	1467	1294	200000000
3792	659	37	9	2007	14	 0	 0	1240	1739	1898	15000000
3793	541	37	9	1979	7	10	16	963	1890	186	11000000
3794	479	13	10	2007	4	6	10	325	292	428	7300000
3795	573	13	10	2005	7	10	18	873	700	118	 0
3796	655	37	9	2005	7	 0	 0	1667	106	1037	3000000
3797	624	37	9	2003	1	8	21	1904	1216	1936	40000000
3798	173	2	9	1998	10	14	17	821	1067	1433	15000000
3799	653	37	9	2010	3	7	12	790	558	857	112000000
3800	194	37	9	2001	1	21	8	747	965	704	102000000
3801	232	37	9	2006	3	10	11	1511	246	1403	40000000
3802	29	37	9	2006	3	10	17	385	1022	1343	76000000
3803	50	37	9	2010	7	10	 0	1075	1986	565	8000000
3804	53	37	9	2001	8	10	21	476	583	1702	45000000
3805	524	37	9	2011	1	7	8	1725	864	358	120000000
3806	165	37	9	1997	10	17	21	1347	1715	466	50000000
3807	738	37	9	2010	8	14	21	1692	301	425	1500000
3808	84	37	9	1982	7	10	18	1153	941	481	 0
3809	271	37	9	2008	10	 0	 0	319	1693	398	 0
3810	747	37	9	1982	7	10	18	516	920	1825	21000000
3811	261	37	9	2000	6	10	 0	1620	409	315	32000000
3812	530	7	9	2007	8	10	21	1542	667	1252	20000000
3813	598	37	9	2004	7	10	18	1604	896	1800	50000000
3814	671	37	9	2001	1	10	21	1630	818	1265	72000000
3815	285	37	9	2002	10	 0	 0	1625	1054	410	 0
3816	790	13	10	2004	7	10	 0	1295	866	1393	 0
3817	643	37	9	2006	8	21	 0	710	1500	1935	50000000
3818	488	37	9	2005	1	3	23	127	298	1652	75000000
3819	730	37	9	1992	10	11	 0	1222	1911	1350	 0
3820	423	31	25	1998	10	17	18	602	1410	1411	 0
3821	536	36	9	2010	7	10	 0	1170	924	1661	8000000
3822	317	28	 0	2010	10	22	 0	1168	1573	1512	5000000
3823	681	37	9	1988	8	10	17	710	185	959	20000000
3824	43	37	9	2010	7	18	 0	1120	834	1746	20000000
3825	626	13	10	2009	7	10	15	39	1324	1393	18000000
3826	458	37	9	2005	7	10	 0	541	585	220	7000000
3827	238	37	9	2006	6	10	 0	1957	804	1830	55000000
3828	810	37	9	2005	7	10	 0	1562	328	1953	 0
3829	661	37	9	1994	7	10	 0	1247	1762	1019	 0
3830	439	37	9	1999	3	7	12	165	659	1297	10000000
3831	283	36	9	1998	8	21	 0	850	859	1932	1350000
3832	624	37	9	2004	1	8	21	1904	448	1216	30000000
3833	37	37	9	2005	3	11	12	666	1757	1967	180000000
3834	523	37	9	2010	9	6	10	1092	1138	1938	 0
3835	37	37	9	2008	3	11	12	666	1757	1967	225000000
3836	454	37	9	2006	1	12	21	1052	1705	1880	50000000
3837	579	37	9	2009	1	3	12	1052	190	1367	35000000
3838	317	28	24	1999	7	10	 0	836	1418	842	250000
3839	494	9	5	2011	9	 0	 0	 0	 0	 0	 0
3840	219	20	14	2010	7	10	18	1598	1438	42	10000000
3841	666	22	25	1992	1	8	10	276	397	805	220000
3842	666	37	9	2003	1	7	8	127	1674	969	29000000
3843	233	37	9	2005	1	8	10	251	1376	385	40000000
3844	335	37	9	2010	9	1	7	970	153	1788	20000000
3845	439	37	9	1994	7	 0	 0	236	875	1255	230000
3846	439	37	9	2006	7	 0	 0	236	875	1645	5000000
3847	736	37	9	2010	10	16	18	321	354	575	55000000
3848	293	37	9	2001	10	17	19	1103	877	1286	48000000
3849	786	37	9	2010	1	10	21	476	342	1645	90000000
3850	251	13	10	2005	8	10	21	664	1487	1541	4000000
3851	226	13	10	1998	7	 0	 0	1834	802	612	 0
3852	759	37	9	2010	7	11	 0	1987	1618	1555	15000000
3853	16	12	9	1989	3	7	15	1308	1047	1672	 0
3854	89	37	9	2009	7	10	 0	1636	443	53	10000000
3855	139	37	9	1971	8	10	18	384	921	505	950000
3856	143	37	9	2009	4	1	3	1584	1725	748	175000000
3857	814	37	9	2010	4	3	12	927	657	557	80000000
3858	575	37	9	2007	14	17	21	1066	1336	1262	15000
3859	591	37	9	1999	7	18	 0	847	339	1839	10000000
3860	159	37	9	2000	10	 0	 0	547	844	891	4500000
3861	345	37	9	1980	7	18	 0	1174	1027	1045	3500000
3862	622	13	9	2008	1	8	10	1180	599	1234	25000000
3863	417	27	23	2009	1	8	9	1388	1271	1563	1000000
3864	149	28	24	2009	10	 0	 0	1453	1527	 0	 0
3865	194	37	9	2011	1	3	12	1437	1640	1773	40000000
3866	543	27	23	2009	10	18	 0	1384	1398	688	 0
3867	203	37	9	2010	7	10	18	807	112	1000	30000000
3868	211	37	9	2006	6	10	20	1267	691	544	40000000
3869	270	37	9	2011	4	1	3	969	779	9	135000000
3870	784	37	9	1998	8	10	 0	531	530	186	20000000
3871	273	37	9	2010	7	10	 0	1060	999	1003	38000000
3873	309	37	9	2007	8	10	21	936	1267	589	21000000
3874	610	37	9	2010	3	10	 0	927	390	521	30000000
3875	291	8	17	2010	6	10	 0	332	1990	320	22000000
3876	274	37	9	2009	7	10	18	914	1121	1667	9800000
3877	213	25	19	2010	8	10	21	634	1888	1406	 0
3878	311	37	9	2010	7	10	18	1584	1510	1483	120000000
3879	382	37	9	1993	7	8	10	1620	1904	189	19000000
3880	791	37	9	1939	3	7	11	1012	624	1574	2777000
3881	194	37	9	2009	1	8	17	1052	636	394	35000000
3882	584	37	9	2010	8	10	18	1659	544	1180	30000000
3883	390	37	9	1963	3	10	13	1787	819	1599	4000000
3884	323	37	9	2009	10	18	 0	660	1912	108	25000000
3885	139	37	9	2010	10	12	 0	1297	299	1835	50000000
3886	147	13	9	2010	10	 0	 0	234	1501	778	3800000
3887	419	37	9	2007	7	10	18	1725	1060	1510	33000000
3888	347	37	9	1995	10	12	23	969	642	407	9000000
3889	403	36	9	2000	8	10	 0	1578	169	755	5000000
3890	609	7	9	2009	7	8	10	1975	540	1353	3500000
3891	399	37	9	2009	10	 0	 0	1103	1268	1079	 0
3892	518	37	9	2009	6	8	10	969	349	1257	100000000
3893	508	37	9	2007	1	3	7	385	1503	1401	39000000
3894	174	37	9	2010	6	10	20	1267	349	1328	25000000
3895	740	37	9	2007	8	21	 0	660	223	1297	85000000
3896	177	37	9	2007	4	3	7	417	1028	1412	75000000
3897	171	37	9	2001	10	17	21	1413	1143	1039	15000000
3898	195	37	9	1979	1	8	10	384	1494	628	8000000
3899	326	36	9	2011	1	10	17	1180	484	843	30000000
3900	290	37	9	2008	1	3	19	812	1763	792	47000000
3901	74	36	9	2010	7	10	 0	1596	330	407	 0
3902	543	27	23	2006	7	10	 0	227	1451	1385	700000
3903	468	20	14	2010	7	 0	 0	381	43	96	 0
3904	136	36	9	2010	3	10	17	1708	527	460	 0
3905	281	13	9	2004	7	10	 0	178	697	1371	 0
3906	90	28	24	2011	9	 0	 0	 0	 0	 0	 0
3907	727	37	9	1986	1	14	19	556	1488	1144	10000000
3908	266	20	14	2005	7	10	18	1748	275	1251	 0
3909	327	37	9	2010	7	10	18	948	979	1258	7000000
3910	235	36	9	1978	10	19	21	693	1152	822	12000000
3911	27	13	10	2003	10	14	21	300	1237	1540	5000000
3912	795	37	9	2009	7	11	 0	1636	965	1087	35000000
3913	36	37	9	1985	1	3	10	978	577	1579	13000000
3914	85	37	9	2000	10	20	 0	476	1955	1973	30000000
3915	426	37	9	2011	7	 0	 0	1695	473	810	1000000
3916	698	36	9	2006	7	10	18	1709	554	1734	 0
3917	266	20	14	2007	7	18	 0	275	1401	1598	 0
3918	606	37	9	2001	1	3	12	541	753	1919	93000000
3919	515	13	9	2009	1	3	12	1310	825	1558	40000000
3920	165	37	9	1999	10	17	21	223	531	728	63000000
3921	716	37	10	2006	6	10	13	1113	856	1613	40000000
3922	4	37	9	2009	10	17	 0	1624	1756	189	7000000
3923	485	37	9	2007	1	12	21	1437	589	1675	110000000
3924	580	36	9	2010	9	3	13	 0	 0	 0	 0
3925	302	13	10	2009	10	8	 0	1807	1442	18	13000000
3926	186	37	9	2011	7	18	 0	16	889	419	80000000
3927	789	37	9	2010	7	 0	 0	839	1899	1816	20000000
3928	578	37	9	2011	1	12	21	1437	76	1962	50000000
3929	46	37	9	2010	1	7	18	889	667	678	40000000
3930	597	8	17	2007	1	10	13	923	92	1808	40000000
3931	64	37	9	2010	10	21	 0	1022	1180	74	11000000
3932	108	37	9	1992	7	10	18	238	266	1131	9000000
3933	314	37	9	2010	12	14	21	1497	1646	155	1500000
3934	480	37	9	2009	14	19	21	1906	1275	1130	 0
3935	68	37	9	2010	7	18	 0	298	1036	637	 0
3936	198	37	9	2002	1	17	21	1297	626	333	60000000
3937	583	37	9	2004	1	17	21	1297	626	1050	75000000
3938	611	37	9	1968	1	8	10	1787	1632	800	5500000
3939	748	36	9	2010	4	7	10	872	536	514	17000000
3940	361	37	9	1972	3	10	21	978	257	1423	2000000
3941	811	13	10	2010	10	13	 0	1136	1354	1475	4000000
3942	282	36	9	1973	1	3	21	1639	1976	838	7000000
3943	369	37	9	2009	7	18	 0	1510	857	1570	40000000
3944	248	37	9	2007	10	21	22	1584	807	1532	27500000
3945	481	37	9	2009	11	 0	 0	692	723	915	 0
3946	495	39	24	1987	7	10	 0	785	841	1543	 0
3947	76	37	9	2007	7	10	 0	5	916	544	 0
3948	265	20	14	2009	10	13	22	1315	29	538	5000000
3949	583	37	9	2007	1	17	21	1297	1020	456	110000000
3950	432	37	9	2011	1	3	10	336	1416	1868	150000000
3951	492	37	9	2010	10	18	 0	1076	1680	589	 0
3952	114	37	9	2011	12	14	17	74	645	1222	42000000
3953	729	37	9	2004	1	3	10	747	1052	1609	160000000
3954	255	37	9	2005	1	3	19	595	718	1416	113000000
3955	637	36	9	2006	10	21	 0	1010	290	190	18000000
3956	559	36	9	1976	19	10	 0	447	1613	268	 0
3957	460	27	23	2001	10	7	8	1846	1448	101	 0
3958	814	37	9	2011	1	3	12	559	8	887	82000000
3959	636	37	9	1985	3	7	10	1301	1660	1373	20000000
3960	633	37	9	2006	17	21	 0	997	555	1459	475000
3961	519	37	9	2004	8	10	21	1863	833	803	65000000
3962	112	37	9	2011	4	3	7	914	112	662	90000000
3963	25	37	9	2004	7	10	18	1503	1838	1935	16000000
3964	547	37	9	2011	17	19	21	224	8	1620	27000000
3965	608	37	9	2003	7	 0	 0	16	794	1258	75000000
3966	296	37	9	2011	7	18	 0	1416	139	1101	25000000
3967	174	37	9	2004	7	10	 0	856	516	1186	22000000
3968	636	37	9	1987	1	8	21	1323	434	641	15000000
3969	260	37	9	1944	7	16	 0	1582	582	160	2361000
3970	407	37	9	2011	1	19	 0	5	1374	1566	70000000
3971	117	37	9	1953	10	16	18	1171	1322	868	 0
3972	425	37	9	2011	1	8	10	1922	1511	993	125000000
3973	81	37	9	1963	7	18	 0	793	1742	1206	5000000
3974	601	33	27	2007	1	3	10	930	1758	1771	30000000
3975	785	37	9	2011	17	21	 0	127	1744	145	17000000
3976	328	37	9	2000	7	18	 0	1620	172	1827	55000000
3977	231	37	9	1999	8	10	12	1866	454	217	60000000
3978	379	37	9	2010	1	8	21	1298	1511	760	32000000
3979	153	37	9	2011	10	12	18	46	1909	1291	17000000
3980	274	36	9	2011	3	7	19	1751	1431	1725	40000000
3981	570	36	9	1999	7	18	 0	290	1392	1654	14000000
3982	405	7	9	1988	8	10	 0	1085	938	180	6000000
3983	600	37	9	2011	7	18	 0	1483	860	1777	36000000
3984	454	37	9	2007	1	8	21	251	1037	1857	110000000
3985	684	37	9	2003	1	7	8	710	1001	1165	75000000
3986	679	37	9	1987	3	7	8	143	1633	1491	 0
3987	180	7	9	2009	10	 0	 0	1799	1226	1677	18000000
3988	695	37	9	2007	7	10	15	298	5	9	28000000
3989	254	37	9	1991	7	10	 0	431	122	1134	 0
3990	204	7	9	2010	7	14	 0	1897	28	1070	 0
3991	259	37	9	1973	7	8	10	1508	1630	1631	5500000
3992	497	37	9	2011	1	3	10	823	1348	1646	150000000
3993	462	36	9	1985	8	17	 0	1535	601	483	 0
3994	139	37	9	1986	1	7	10	384	1274	594	15000000
3995	692	36	9	2000	10	15	18	357	290	969	 0
3996	509	37	9	2011	7	10	 0	1887	106	418	19000000
3997	466	36	9	1992	10	18	 0	902	1031	1396	 0
3998	257	37	9	2011	18	19	21	1297	558	605	50000000
3999	146	37	9	2011	1	19	21	46	1857	1824	50000000
4000	38	15	4	2002	8	17	21	1884	92	125	 0
4001	301	37	9	2008	14	21	23	377	1966	1145	7000000
4002	724	37	9	2006	1	3	12	532	902	1744	100000000
4003	199	37	9	2011	17	19	21	807	1372	1912	32000000
4004	488	37	9	2011	1	8	19	1667	202	1532	170000000
4005	241	37	9	2005	3	7	19	1276	1997	1407	50000000
4006	769	37	9	2011	7	 0	 0	224	522	1986	80000000
4007	654	37	9	2011	1	3	12	969	1521	755	200000000
4008	447	37	9	2010	10	18	22	303	74	733	25000000
4009	203	37	9	2003	1	3	10	1863	1088	1960	140000000
4010	715	24	9	2010	1	12	23	504	1053	657	45000000
4011	529	37	9	2011	10	14	21	121	392	59	37000000
4012	808	14	9	1984	3	10	11	1455	157	1811	27000000
4013	443	9	5	1991	10	 0	 0	786	1408	510	 0
4014	437	37	9	2011	7	14	17	226	1676	103	20000000
4015	485	37	9	2003	1	8	12	165	893	1346	78000000
4016	467	13	9	1994	8	10	21	869	645	1416	16000000
4017	30	36	9	1972	8	21	 0	972	37	158	2000000
4018	427	36	9	1981	10	18	 0	1331	902	460	 0
4019	803	37	9	2011	1	21	 0	408	388	986	6000000
4020	814	37	9	2004	1	10	14	1697	1931	808	28000000
4021	152	36	9	2009	8	10	21	1343	560	167	7300000
4022	555	20	9	1960	3	8	10	124	1528	1977	 0
4023	13	31	25	2007	4	3	11	766	1415	278	 0
4024	418	1	25	2009	10	17	21	1597	1759	695	2000000
4025	535	37	9	2009	7	8	18	846	165	1122	8000000
4026	797	37	9	2009	10	 0	 0	710	1575	136	25000000
4027	712	37	9	2011	4	1	3	1724	1865	932	150000000
4028	651	7	9	2010	7	 0	 0	1647	1581	503	 0
4029	739	37	9	2002	7	10	18	828	1235	901	4000000
4030	63	36	9	2011	9	6	20	149	26	625	 0
4031	638	2	9	2010	10	18	 0	1557	775	797	1000000
4032	356	37	9	2011	1	8	17	1690	574	290	30000000
4033	181	36	9	2011	3	10	12	426	1657	568	125000000
4034	31	37	9	1995	7	10	15	122	1313	465	 0
4035	713	37	9	2011	1	8	21	859	168	503	40000000
4036	688	37	9	2011	1	10	19	817	633	234	93000000
4037	340	13	10	2008	3	21	 0	1876	1124	1379	30000000
4038	520	37	9	2007	9	10	13	1356	 0	 0	9000000
4039	238	37	9	2008	10	 0	 0	1957	1645	1975	54000000
4040	49	37	9	2011	7	10	18	264	47	1971	 0
4041	110	37	9	2002	8	10	17	136	1404	812	42000000
4042	585	37	9	2005	10	18	 0	22	519	148	 0
4043	447	36	9	2000	10	17	18	1031	969	1010	25000000
4044	124	36	9	2006	6	10	 0	1592	595	561	30000000
4045	135	37	9	2008	1	8	10	349	1343	719	185000000
4046	786	37	9	1987	1	7	8	526	1009	1034	20000000
4047	385	37	9	1982	1	3	12	131	814	1687	20000000
4048	562	36	9	2003	7	10	 0	727	1030	1188	10000000
4049	527	37	9	2011	7	 0	 0	522	948	113	 0
4050	88	13	10	2004	7	8	 0	631	129	1201	 0
4051	34	37	9	1956	10	13	 0	767	1981	725	 0
4052	591	37	9	2004	7	10	18	475	1887	1699	15000000
4053	531	37	9	2006	7	10	 0	165	1581	949	10000000
4054	800	37	9	2011	7	18	 0	1380	1040	1489	35000000
4055	353	37	9	2011	10	 0	 0	1323	938	126	21000000
4056	763	37	9	1988	7	12	 0	1352	35	648	13000000
4057	503	37	9	2007	1	19	21	1740	999	1319	150000000
4058	615	36	9	2011	7	18	 0	603	523	187	10000000
4059	116	36	9	2011	10	17	8	457	78	1995	 0
4060	71	37	9	2008	1	3	7	172	1622	790	92000000
4061	324	37	9	2011	7	 0	 0	1658	727	893	40000000
4062	316	37	9	2009	1	12	19	338	1550	919	250000
4063	99	37	9	2007	1	7	8	798	347	740	140000000
4064	514	37	9	2006	7	18	 0	847	779	1369	 0
4065	330	37	9	1997	1	19	21	1746	1972	1640	70000000
4066	704	37	9	2011	7	8	 0	846	311	860	35000000
4067	202	37	9	2007	7	10	18	1721	1497	529	4000000
4068	719	37	9	2006	8	10	21	476	385	1958	45000000
4069	499	37	18	2006	1	3	10	1651	1568	1316	40000000
4070	267	37	9	2011	7	10	18	1782	1663	1022	45000000
4071	570	36	9	2011	3	7	21	1648	673	1644	 0
4072	372	37	9	1985	7	10	 0	556	1400	1007	 0
4073	299	37	9	2006	1	3	21	1863	1539	1931	150000000
4074	25	37	9	1999	7	10	 0	1301	1584	339	8000000
4075	676	37	9	2003	1	10	21	24	390	239	 0
4076	604	36	9	2003	1	3	7	1648	171	960	40000000
4077	664	37	9	1986	1	8	21	255	235	485	10000000
4078	623	37	9	2004	1	8	12	704	176	1733	100000000
4079	642	37	9	1995	10	18	 0	583	1026	87	2500000
4080	707	37	9	2006	3	7	8	1786	1101	869	80000000
4081	560	37	9	2011	1	8	10	1663	270	30	13000000
4082	496	37	9	2011	10	21	 0	312	1828	1196	10000000
4083	608	37	9	2008	1	3	7	1782	112	518	80000000
4084	577	30	16	2003	10	17	21	331	1979	1044	3000000
4085	430	36	9	1986	11	7	16	487	1673	19	10000000
4086	503	37	9	2011	1	3	19	1740	999	966	195000000
4087	810	37	9	2011	7	12	18	1483	1559	1257	30000000
4088	246	37	9	2009	7	18	 0	112	1055	267	30000000
4089	357	37	9	2003	7	18	8	660	298	657	60000000
4090	163	14	9	2011	10	21	 0	1919	1348	1076	20000000
4091	436	37	9	2011	3	10	 0	303	832	503	25000000
4092	355	37	9	2011	1	3	19	335	1877	749	140000000
4093	552	37	9	2009	1	7	8	859	82	383	20000000
4094	92	37	9	2011	8	10	21	1305	1258	1664	40000000
4095	778	37	9	2008	7	18	 0	263	139	1616	35000000
4096	322	7	9	2006	7	18	 0	70	14	1764	20000000
4097	384	18	9	2011	7	8	21	231	497	1266	6000000
4098	304	37	9	2011	7	 0	 0	263	1040	1217	20000000
4099	486	37	9	2011	7	11	 0	925	273	97	55000000
4100	572	37	9	2011	1	8	10	1994	1368	260	40000000
4101	288	37	9	1984	10	15	18	1097	1203	486	8200000
4102	582	37	9	2008	7	10	18	463	356	453	1400000
4103	581	37	9	2011	7	18	 0	1122	1314	1646	32500000
4104	503	37	9	2009	1	3	19	1740	966	999	200000000
4105	709	21	15	2010	1	14	19	1072	1090	1982	22000000
4106	22	20	14	2010	7	 0	 0	34	440	1280	 0
4107	377	37	9	2011	4	3	7	1483	1141	1343	200000000
4108	283	36	9	2009	1	3	8	1623	1008	1559	90000000
4109	694	37	9	2006	7	10	18	1685	1749	201	 0
4110	196	37	9	2003	7	18	 0	1055	1305	15	50000000
4111	542	37	9	1997	1	21	 0	660	1439	1246	50000000
4112	372	37	9	1991	7	10	11	810	1083	63	25000000
4113	583	36	9	2006	8	10	13	1105	350	323	15000000
4114	632	37	9	2007	8	17	21	1684	521	589	25000000
4115	351	37	9	2003	10	 0	 0	119	1360	272	 0
4116	448	7	9	2006	7	18	 0	1556	1093	1506	 0
4117	24	37	9	2011	7	11	18	274	205	1056	 0
4118	134	13	10	2004	10	15	 0	669	616	1041	8000000
4119	755	37	9	2011	10	 0	 0	223	1715	918	32000000
4120	350	22	9	2006	1	7	8	1519	1674	1791	35000000
4121	511	7	9	2008	9	13	 0	614	687	 0	1000000
4122	650	37	9	2007	6	8	10	476	1659	998	100000000
4123	627	37	9	2011	4	3	7	1424	706	865	110000000
4124	239	36	9	2010	10	19	21	1700	1948	1256	800000
4125	192	37	9	2011	1	8	21	303	24	1031	15000000
4126	125	37	9	2006	9	 0	 0	1279	1323	1866	1000000
4127	452	5	9	2011	6	10	 0	493	1538	1218	19100000
4128	371	37	9	2009	3	10	21	1919	1117	1624	20000000
4129	53	37	9	2007	1	8	17	1267	434	1423	61000000
4130	225	37	9	2011	10	18	 0	1584	1629	358	38000000
4131	79	37	9	2011	3	10	12	1121	1629	1820	110000000
4132	243	36	9	2011	1	8	21	859	385	1983	70000000
4133	685	36	9	2001	1	7	8	1684	1619	560	27000000
4134	229	13	10	2002	7	8	16	292	777	569	10000000
4135	190	37	9	2008	7	10	 0	1318	116	589	16000000
4136	745	37	9	2008	10	21	 0	1299	1311	75	 0
4137	795	37	9	2007	1	3	7	1849	965	1277	60000000
4138	396	37	9	2011	1	19	21	424	710	1473	163000000
4139	250	37	9	2011	10	 0	 0	629	565	1337	 0
4140	640	37	9	2007	10	18	 0	738	667	1194	30000000
4141	557	37	9	2004	10	18	22	1663	1559	819	29000000
4142	214	37	9	2011	1	10	18	590	922	1896	17000
4143	505	37	9	2011	7	10	18	1525	806	1963	 0
4144	258	37	9	2011	7	21	 0	1542	891	521	8000000
4145	338	37	9	2011	4	1	3	790	98	645	150000000
4146	763	37	9	2001	1	3	19	1267	1854	728	100000000
4147	72	37	9	2011	6	10	20	223	979	1539	50000000
4148	768	37	9	2006	10	18	 0	1058	1497	891	14000000
4149	221	14	11	2006	10	21	 0	1903	1281	1720	2000000
4150	196	37	9	2009	7	18	 0	1427	1602	54	17000000
4151	299	37	9	2011	17	19	21	942	546	1127	50000000
4152	187	14	11	2010	10	12	14	1051	1452	899	8000000
4153	741	37	9	1977	10	19	 0	1602	619	1325	19400000
4154	470	37	9	2011	7	10	18	677	1055	389	35000000
4155	2	37	9	2011	1	10	23	251	1241	1447	 0
4156	249	37	9	2011	1	10	20	1867	943	1432	25000000
4157	106	37	9	2006	1	3	12	226	1053	1103	209000000
4158	758	37	9	2001	7	20	 0	852	2	1158	11000000
4159	451	30	16	2010	1	8	21	198	1829	1670	43000000
4160	478	37	9	2009	7	10	18	997	1997	656	7500000
4161	398	37	9	2009	7	18	 0	1592	711	1754	8000000
4162	196	37	9	1988	7	10	18	110	1019	1183	6000000
4163	753	37	9	2011	10	 0	 0	1933	566	256	25000000
4164	707	37	9	2006	1	3	7	172	273	487	110000000
4165	635	36	9	2003	7	10	18	746	1180	391	45000000
4166	87	37	9	2006	7	8	 0	462	1952	324	4000000
4167	605	37	9	1988	1	8	17	1710	1264	1318	 0
4168	332	37	9	2008	7	12	18	588	1510	1135	10000000
4169	69	36	9	2004	7	18	 0	1593	746	391	40000000
4170	725	37	9	2002	7	18	 0	98	529	1797	40000000
4171	719	37	9	2002	8	10	 0	531	1539	159	5000000
4172	713	37	9	1999	8	10	17	965	1232	813	95000000
4173	707	37	9	2011	1	10	19	747	415	593	110000000
4174	406	37	9	2011	7	10	 0	997	1725	108	8000000
4175	388	37	9	2011	1	10	17	1820	1185	56	35000000
4176	760	14	11	2005	7	10	18	1847	945	1409	6000000
4177	777	14	9	2006	10	12	 0	173	516	27	63700000
4178	752	37	9	2011	1	10	12	732	1774	1223	75000000
4179	520	37	9	2002	9	13	 0	1356	 0	 0	4000000
4180	802	37	9	1973	14	21	 0	547	1189	1310	12000000
4181	169	37	9	2004	17	21	 0	969	966	1252	40000000
4182	61	17	20	2011	10	 0	 0	1162	1536	1726	500000
4183	574	37	9	2012	8	10	 0	1975	1423	113	 0
4184	240	37	9	2011	7	18	 0	1696	917	139	56000000
4185	165	37	9	2011	8	10	17	424	1643	368	90000000
4186	590	36	9	2002	1	3	14	1382	1374	576	33000000
4187	676	36	9	2008	8	10	21	859	1671	1606	20000000
4188	720	27	23	2011	7	10	 0	1450	1384	744	20000000
4189	690	37	9	2011	1	12	19	434	1932	399	5000000
4190	689	7	9	2007	1	14	19	1382	1463	57	45000000
4191	26	7	9	2004	1	14	19	1382	1744	1463	45000000
4192	108	37	9	2001	17	18	19	1863	1521	1126	68000000
4193	731	37	9	2006	8	10	17	99	991	209	 0
4194	441	37	9	2007	10	15	18	629	1095	988	25000000
4195	446	11	9	2011	10	19	 0	1113	316	1106	9400000
4196	600	37	9	2007	7	18	 0	172	1241	1372	 0
4197	253	37	9	2011	10	 0	 0	1663	660	1539	12500000
4198	210	13	10	1986	10	18	 0	1254	1927	79	 0
4199	158	37	9	1987	8	7	 0	432	196	1110	14000000
4200	751	21	15	1989	1	8	10	1809	1236	1238	 0
4201	475	37	9	2012	1	12	14	1052	1689	1831	70000000
4202	39	37	9	2011	1	19	21	74	1040	374	40000000
4203	45	37	9	1987	1	3	 0	1642	499	743	 0
4204	45	37	9	1985	1	7	 0	439	1802	1204	500000
4205	45	37	9	1988	1	 0	 0	1780	499	742	 0
4206	45	37	9	1989	1	21	 0	499	742	946	 0
4207	131	37	9	1994	1	 0	 0	249	1259	1029	 0
4208	45	37	9	1990	1	10	 0	581	499	479	 0
4209	45	37	9	1992	1	21	 0	499	1634	411	 0
4210	162	37	9	2011	7	11	 0	1987	480	1618	21000000
4211	394	36	9	2009	6	10	 0	1500	891	905	15900000
4212	78	31	25	1992	7	10	18	1519	861	994	 0
4213	359	37	9	1991	10	18	 0	1019	266	1926	 0
4214	612	37	9	2008	7	18	 0	925	1823	1997	70000000
4215	795	14	9	2002	7	18	 0	1667	1814	1851	6000000
4216	461	37	9	2011	10	18	 0	112	927	1489	15000000
4217	680	36	9	2011	10	21	 0	1596	1910	458	30000000
4218	333	37	9	2011	10	21	 0	1366	918	1737	1000000
4219	741	37	9	2011	10	13	22	903	561	1526	66000000
4220	86	37	9	2009	7	 0	 0	1296	655	912	 0
4221	139	37	9	2009	6	10	13	1404	1297	1883	60000000
4222	139	37	9	2004	10	20	 0	384	738	1404	30000000
4223	743	37	9	1998	1	8	21	1877	1947	1621	60000000
4224	674	29	9	2011	1	19	21	1224	1931	437	7000000
4225	122	37	9	2011	4	3	7	127	1674	1986	130000000
4226	675	37	9	2002	7	10	18	831	1730	757	4000000
4227	236	37	9	2008	7	 0	 0	1791	65	979	 0
4228	105	37	9	2011	7	10	18	969	5	1364	45000000
4229	786	37	9	1999	1	10	21	1957	651	978	90000000
4230	779	36	9	2011	10	17	21	645	391	1867	21000000
4231	656	37	9	2011	7	8	 0	1492	136	1462	5000000
4232	6	2	9	2009	4	7	10	181	1878	1539	8000000
4233	686	37	9	2011	1	3	7	914	436	150	28000000
4234	94	37	9	2009	1	3	7	1953	107	436	100000000
4235	357	37	9	1998	7	8	 0	877	952	1022	15000000
4236	482	37	9	2011	7	18	 0	106	335	944	20000000
4237	512	14	11	2009	3	1	11	980	1941	696	10000000
4238	571	37	9	1987	8	10	 0	1347	313	442	15000000
4239	100	37	9	1987	8	10	21	1098	308	90	20000000
4240	125	37	9	2011	9	 0	 0	551	277	207	 0
4241	662	37	9	2008	9	 0	 0	578	1361	1607	 0
4242	115	37	9	2010	9	8	 0	1297	1959	423	2000000
4243	175	37	9	2004	8	21	 0	1107	335	859	25000000
4244	99	37	9	2011	1	7	8	172	526	288	85000000
4245	707	37	9	2010	7	8	18	1782	1858	928	55000000
4246	392	37	9	2008	4	1	3	790	516	98	130000000
4247	612	37	9	2006	7	10	18	889	1923	971	52000000
4248	311	37	9	2004	7	10	18	16	1514	1822	80000000
4249	136	36	9	2009	14	17	21	1326	1179	1554	12000000
4250	139	37	9	2011	6	8	10	1169	130	1413	35000000
4251	810	37	9	1997	7	10	12	281	1974	1115	20000000
4252	387	37	9	1969	10	 0	 0	516	978	1804	3600000
4253	404	37	9	2004	1	8	10	1840	965	1955	15500000
4254	381	37	9	2005	10	17	19	20	1076	1119	28500000
4255	342	37	9	2011	7	10	 0	1510	544	1997	5000000
4256	796	37	9	1988	1	7	8	131	810	1523	 0
4257	133	14	9	2004	1	3	19	463	934	1443	3200000
4258	532	37	9	2011	10	19	 0	1966	241	1307	200000
4259	25	37	9	2011	7	10	 0	660	1727	163	20000000
4260	547	37	9	2006	10	17	18	531	1503	917	17000000
4261	277	37	9	2007	8	10	17	1663	121	456	10000000
4262	604	18	9	2004	7	18	 0	1542	1022	1486	32000000
4263	298	37	9	2001	7	18	 0	847	339	1839	30000000
4264	504	37	9	2011	8	10	17	1604	1887	1464	 0
4265	557	37	9	2002	10	21	 0	476	1624	830	36000000
4266	589	37	9	2000	1	19	21	543	1097	998	95000000
4267	323	37	9	2011	7	10	 0	315	1499	1497	12000000
4268	289	37	9	2008	7	18	 0	421	1055	847	20000000
4269	315	36	9	2012	10	14	21	426	372	840	13000000
4270	465	37	9	2008	1	19	21	531	1196	1854	150000000
4271	501	28	24	2008	10	 0	 0	1902	1546	212	 0
4272	490	37	9	2011	3	10	11	134	169	329	160000000
4273	486	37	9	2009	7	12	18	1305	893	229	 0
4274	654	37	9	2005	10	18	 0	1989	1088	685	85000000
4275	680	37	9	1996	1	3	19	1957	880	191	75000000
4276	312	37	9	1999	6	10	 0	1972	98	1950	40000000
4277	576	36	9	2011	10	 0	 0	1526	1471	525	800000
4278	179	37	9	2008	7	18	 0	1510	1717	365	28000000
4279	14	37	9	1983	10	18	15	890	1358	1184	 0
4280	484	37	9	2004	7	11	18	736	302	892	19000000
4281	186	37	9	2011	7	 0	 0	16	1067	24	79000000
4282	740	37	9	2011	10	21	 0	1257	1297	1151	60000000
4283	223	39	24	1962	7	 0	 0	1239	430	1333	 0
4284	137	37	9	2005	7	18	 0	468	477	80	15000000
4285	636	37	9	1998	1	8	21	1323	434	940	100000000
4286	439	37	9	2004	7	10	18	165	1196	1569	35000000
4287	363	37	9	1982	14	17	19	1126	1951	1805	15000000
4288	244	37	9	2012	1	10	19	895	1002	1179	78000000
4289	627	37	9	1997	1	7	8	44	1662	1166	32000000
4290	707	37	9	2003	7	18	 0	139	243	351	18000000
4291	51	37	9	2008	7	18	 0	1060	821	1241	30000000
4292	185	37	9	2003	7	10	18	71	391	1087	25000000
4293	196	37	9	2006	7	12	18	1192	342	1681	28000000
4294	422	37	9	2010	10	18	 0	1381	1179	1087	20000000
4295	303	13	10	2010	9	10	 0	801	 0	 0	70000000
4296	404	37	9	2011	6	8	21	1577	1925	1906	 0
4297	107	37	9	2009	7	10	12	1984	1173	1842	20000000
4298	665	37	9	1992	10	 0	 0	403	223	1873	 0
4299	300	37	9	2005	8	10	17	967	1202	245	 0
4300	741	37	9	2011	4	1	3	832	94	424	135000000
4301	711	36	9	2011	6	10	13	1375	1091	527	10000000
4302	294	37	9	1980	1	3	19	1263	710	282	32000000
4303	573	13	10	2011	7	10	 0	617	1477	114	12000000
4304	681	13	9	2011	7	10	 0	938	1058	358	25000000
4305	120	37	9	2011	1	14	19	553	1472	1557	30000000
4306	91	37	9	2011	1	3	21	1863	907	1751	145000000
4307	328	37	9	1999	1	3	7	1377	721	1724	33000000
4308	775	37	9	2007	7	11	12	1782	1404	1149	175000000
4309	319	25	19	2011	7	 0	 0	729	1242	731	 0
4310	354	37	9	2012	1	3	10	1180	623	477	25000000
4311	103	37	9	1990	1	10	8	1795	1082	632	 0
4312	121	37	9	2003	7	18	 0	851	1020	1721	20000000
4313	732	36	9	2007	7	11	 0	1648	1789	1958	25000000
4314	677	36	9	1999	7	18	 0	1019	746	1596	42000000
4315	197	37	9	2006	10	 0	 0	1079	1151	95	8000000
4316	619	36	9	2012	6	10	 0	1331	924	120	13000000
4317	591	37	9	2006	7	15	 0	746	475	1248	17000000
4318	10	37	9	2001	7	18	 0	896	1305	240	35000000
4319	525	13	9	2011	7	18	10	866	179	952	15000000
4320	673	37	9	2010	10	 0	 0	1413	116	1096	7000000
4321	414	36	9	2012	10	19	21	422	1338	1353	15000000
4322	60	37	9	2012	8	21	 0	1680	544	123	42000000
4323	498	37	9	2012	7	1	18	1584	342	1867	65000000
4324	283	36	9	2011	1	3	8	1623	1008	1458	125000000
4325	428	37	9	2005	1	19	 0	315	1765	1282	62000000
4326	552	37	9	2012	1	12	21	1437	372	1934	57000000
4327	596	37	9	2012	1	3	19	1819	51	1612	209000000
4328	380	37	9	2008	1	21	 0	10	968	242	 0
4329	435	36	9	2006	6	10	 0	607	823	673	6000000
4330	67	37	9	2012	1	7	19	1957	1877	998	215000000
4331	41	37	9	2012	1	3	12	1819	1230	1683	250000000
4332	564	37	9	2012	7	 0	 0	1843	1469	981	12000000
4333	171	37	9	1984	1	3	19	1129	611	594	40000000
4334	471	37	9	2000	10	17	19	251	1684	1637	75000000
4335	801	37	9	1998	7	10	18	673	1710	98	14000000
4336	375	37	9	1994	10	 0	 0	1579	1627	280	 0
4337	669	37	9	1984	1	3	7	1347	1062	432	10000000
4338	144	7	9	2008	11	12	 0	291	343	293	 0
4339	53	37	9	2003	1	10	21	251	1401	388	70500000
4340	75	20	9	1972	10	18	 0	1272	1253	874	1250000
4341	215	37	9	2003	1	8	21	1267	315	531	60000000
4342	486	37	9	2001	7	17	18	1402	630	1728	14000000
4343	150	37	9	2008	6	10	 0	712	1812	71	 0
4344	191	37	9	2002	10	 0	 0	1931	683	1650	 0
4345	358	37	9	2008	10	18	 0	516	567	1064	 0
4346	268	37	9	1996	10	18	 0	267	1605	1844	 0
4347	586	37	9	2004	10	17	18	1001	1646	484	30000000
4348	108	37	9	2011	10	11	 0	1297	1699	1838	50000000
4349	752	37	9	2012	3	7	10	1019	1185	130	85000000
4350	477	37	9	2011	1	6	8	667	1372	1366	30000000
4351	18	13	10	2009	7	 0	 0	294	31	222	 0
4352	766	12	9	2012	1	7	19	1014	363	689	10000000
4353	647	36	9	1993	4	3	7	1929	1301	890	24000000
4354	650	37	9	2012	3	19	21	1458	1348	698	130000000
4355	735	37	9	2001	7	18	 0	313	99	473	 0
4356	763	37	9	2012	7	12	 0	969	1373	728	150000000
4358	93	37	9	2012	1	3	7	518	1343	1002	79000000
4359	407	37	9	2012	1	3	12	1680	1644	190	150000000
4360	391	37	9	1990	7	16	18	969	81	1544	12000000
4361	364	36	9	2007	8	10	18	89	55	1068	 0
4362	42	36	9	2005	1	3	19	1050	1644	518	60000000
4363	613	37	9	2012	1	7	8	979	303	759	42000000
4364	740	37	9	2012	6	7	10	303	46	387	7000000
4365	464	37	9	2010	9	7	 0	1210	 0	 0	 0
4366	163	36	9	2007	8	10	17	1919	1413	1924	30000000
4367	422	37	9	2012	1	7	8	1060	853	427	40000000
4368	48	37	17	2007	10	18	21	1885	1945	931	15000000
4369	35	36	9	2011	10	18	 0	1071	820	1470	7000000
4370	306	37	9	2011	7	11	16	857	80	333	45000000
4371	166	13	10	2011	7	18	 0	144	618	254	 0
4372	28	22	25	1992	10	18	 0	1249	1228	1586	 0
4373	770	37	9	2011	10	 0	 0	990	1721	370	 0
4374	135	37	9	2012	1	8	10	349	1343	645	250000000
4375	179	37	9	2012	7	 0	 0	1510	889	1039	35000000
4376	275	37	9	2004	10	 0	 0	225	997	543	 0
4377	683	37	9	2000	7	11	12	925	1821	883	123000000
4378	135	37	9	2005	1	3	10	349	1343	645	150000000
4379	237	13	9	2011	7	 0	 0	604	809	1446	 0
4380	771	37	9	2006	7	18	 0	1305	1696	1997	50000000
4381	663	37	9	2009	7	18	 0	667	1060	218	38000000
